---
images/banner-xl.jpg: 2015-07-08 22:18:30.631115963 +01:00
images/paintings/patchy.jpg: 2015-07-20 11:02:03.067194150 +01:00
images/paintings/marisa_reimu.jpg: 2015-07-20 11:02:03.507194147 +01:00
images/paintings/scarlet_devil_manor.jpg: 2015-07-20 11:02:03.839194144 +01:00
images/paintings/remilia.jpg: 2015-07-20 11:02:04.279194141 +01:00
images/paintings/flan.jpg: 2015-07-20 11:02:04.699194138 +01:00
images/hakkero/1_laser_complete.jpg: 2015-08-10 20:20:59.645813030 +01:00
images/hakkero/1_initial_attempt.jpg: 2015-08-10 20:21:00.073813027 +01:00
